0,58.6408228534111,0,2
0,57.6408228534111,0,3
0,56.6408228534111,0,1
0,55.6408228534111,0,1
0,54.6408228534111,0,1
0,57.51772370874227,1,2
0,56.51772370874227,1,3
0,55.51772370874227,1,1
0,54.51772370874227,1,1
0,53.51772370874227,1,1
0,56.40029827765646,2,2
0,55.40029827765646,2,3
0,54.40029827765646,2,1
0,53.40029827765646,2,1
0,52.40029827765646,2,1
0,55.301872420508005,3,2
0,54.301872420508005,3,3
0,53.301872420508005,3,1
0,52.301872420508005,3,1
0,51.301872420508005,3,1
0,54.23547197820848,4,2
0,53.23547197820848,4,3
0,52.23547197820848,4,1
0,51.23547197820848,4,1
0,50.23547197820848,4,1
0,53.21348045012782,5,2
0,52.21348045012782,5,3
0,51.21348045012782,5,1
0,50.21348045012782,5,1
0,49.21348045012782,5,1
0,52.2473555535125,6,2
0,51.2473555535125,6,3
0,50.2473555535125,6,1
0,49.2473555535125,6,1
0,48.2473555535125,6,1
0,51.347304687882875,7,2
0,50.347304687882875,7,3
0,49.347304687882875,7,1
0,48.347304687882875,7,1
0,47.347304687882875,7,1
0,50.52204664879416,8,2
0,49.52204664879416,8,3
0,48.52204664879416,8,1
0,47.52204664879416,8,1
0,46.52204664879416,8,1
0,49.77858148148176,9,2
0,48.77858148148176,9,3
0,47.77858148148176,9,1
0,46.77858148148176,9,1
0,45.77858148148176,9,1
1,58.30449875253214,0,2
1,57.30449875253214,0,3
1,56.30449875253214,0,1
1,55.30449875253214,0,1
1,54.30449875253214,0,1
1,57.181399607863305,1,2
1,56.181399607863305,1,3
1,55.181399607863305,1,1
1,54.181399607863305,1,1
1,53.181399607863305,1,1
1,56.0639741767775,2,2
1,55.0639741767775,2,3
1,54.0639741767775,2,1
1,53.0639741767775,2,1
1,52.0639741767775,2,1
1,54.96554831962905,3,2
1,53.96554831962905,3,3
1,52.96554831962905,3,1
1,51.96554831962905,3,1
1,50.96554831962905,3,1
1,53.89914787732952,4,2
1,52.89914787732952,4,3
1,51.89914787732952,4,1
1,50.89914787732952,4,1
1,49.89914787732952,4,1
1,52.87715634924885,5,2
1,51.87715634924885,5,3
1,50.87715634924885,5,1
1,49.87715634924885,5,1
1,48.87715634924885,5,1
1,51.91103145263354,6,2
1,50.91103145263354,6,3
1,49.91103145263354,6,1
1,48.91103145263354,6,1
1,47.91103145263354,6,1
1,51.010980587003914,7,2
1,50.010980587003914,7,3
1,49.010980587003914,7,1
1,48.010980587003914,7,1
1,47.010980587003914,7,1
1,50.1857225479152,8,2
1,49.1857225479152,8,3
1,48.1857225479152,8,1
1,47.1857225479152,8,1
1,46.1857225479152,8,1
1,49.4422573806028,9,2
1,48.4422573806028,9,3
1,47.4422573806028,9,1
1,46.4422573806028,9,1
1,45.4422573806028,9,1
2,57.967841929074794,0,2
2,56.967841929074794,0,3
2,55.967841929074794,0,1
2,54.967841929074794,0,1
2,53.967841929074794,0,1
2,56.84474278440596,1,2
2,55.84474278440596,1,3
2,54.84474278440596,1,1
2,53.84474278440596,1,1
2,52.84474278440596,1,1
2,55.72731735332015,2,2
2,54.72731735332015,2,3
2,53.72731735332015,2,1
2,52.72731735332015,2,1
2,51.72731735332015,2,1
2,54.628891496171704,3,2
2,53.628891496171704,3,3
2,52.628891496171704,3,1
2,51.628891496171704,3,1
2,50.628891496171704,3,1
2,53.56249105387217,4,2
2,52.56249105387217,4,3
2,51.56249105387217,4,1
2,50.56249105387217,4,1
2,49.56249105387217,4,1
2,52.54049952579151,5,2
2,51.54049952579151,5,3
2,50.54049952579151,5,1
2,49.54049952579151,5,1
2,48.54049952579151,5,1
2,51.57437462917619,6,2
2,50.57437462917619,6,3
2,49.57437462917619,6,1
2,48.57437462917619,6,1
2,47.57437462917619,6,1
2,50.67432376354657,7,2
2,49.67432376354657,7,3
2,48.67432376354657,7,1
2,47.67432376354657,7,1
2,46.67432376354657,7,1
2,49.84906572445785,8,2
2,48.84906572445785,8,3
2,47.84906572445785,8,1
2,46.84906572445785,8,1
2,45.84906572445785,8,1
2,49.10560055714545,9,2
2,48.10560055714545,9,3
2,47.10560055714545,9,1
2,46.10560055714545,9,1
2,45.10560055714545,9,1
3,57.63121650709215,0,2
3,56.63121650709215,0,3
3,55.63121650709215,0,1
3,54.63121650709215,0,1
3,53.63121650709215,0,1
3,56.50811736242332,1,2
3,55.50811736242332,1,3
3,54.50811736242332,1,1
3,53.50811736242332,1,1
3,52.50811736242332,1,1
3,55.39069193133751,2,2
3,54.39069193133751,2,3
3,53.39069193133751,2,1
3,52.39069193133751,2,1
3,51.39069193133751,2,1
3,54.29226607418906,3,2
3,53.29226607418906,3,3
3,52.29226607418906,3,1
3,51.29226607418906,3,1
3,50.29226607418906,3,1
3,53.225865631889526,4,2
3,52.225865631889526,4,3
3,51.225865631889526,4,1
3,50.225865631889526,4,1
3,49.225865631889526,4,1
3,52.203874103808865,5,2
3,51.203874103808865,5,3
3,50.203874103808865,5,1
3,49.203874103808865,5,1
3,48.203874103808865,5,1
3,51.237749207193545,6,2
3,50.237749207193545,6,3
3,49.237749207193545,6,1
3,48.237749207193545,6,1
3,47.237749207193545,6,1
3,50.33769834156392,7,2
3,49.33769834156392,7,3
3,48.33769834156392,7,1
3,47.33769834156392,7,1
3,46.33769834156392,7,1
3,49.51244030247521,8,2
3,48.51244030247521,8,3
3,47.51244030247521,8,1
3,46.51244030247521,8,1
3,45.51244030247521,8,1
3,48.76897513516281,9,2
3,47.76897513516281,9,3
3,46.76897513516281,9,1
3,45.76897513516281,9,1
3,44.76897513516281,9,1
4,57.29497724916004,0,2
4,56.29497724916004,0,3
4,55.29497724916004,0,1
4,54.29497724916004,0,1
4,53.29497724916004,0,1
4,56.171878104491206,1,2
4,55.171878104491206,1,3
4,54.171878104491206,1,1
4,53.171878104491206,1,1
4,52.171878104491206,1,1
4,55.05445267340539,2,2
4,54.05445267340539,2,3
4,53.05445267340539,2,1
4,52.05445267340539,2,1
4,51.05445267340539,2,1
4,53.956026816256944,3,2
4,52.956026816256944,3,3
4,51.956026816256944,3,1
4,50.956026816256944,3,1
4,49.956026816256944,3,1
4,52.88962637395742,4,2
4,51.88962637395742,4,3
4,50.88962637395742,4,1
4,49.88962637395742,4,1
4,48.88962637395742,4,1
4,51.86763484587675,5,2
4,50.86763484587675,5,3
4,49.86763484587675,5,1
4,48.86763484587675,5,1
4,47.86763484587675,5,1
4,50.90150994926144,6,2
4,49.90150994926144,6,3
4,48.90150994926144,6,1
4,47.90150994926144,6,1
4,46.90150994926144,6,1
4,50.00145908363181,7,2
4,49.00145908363181,7,3
4,48.00145908363181,7,1
4,47.00145908363181,7,1
4,46.00145908363181,7,1
4,49.1762010445431,8,2
4,48.1762010445431,8,3
4,47.1762010445431,8,1
4,46.1762010445431,8,1
4,45.1762010445431,8,1
4,48.4327358772307,9,2
4,47.4327358772307,9,3
4,46.4327358772307,9,1
4,45.4327358772307,9,1
4,44.4327358772307,9,1
5,56.95948396045519,0,2
5,55.95948396045519,0,3
5,54.95948396045519,0,1
5,53.95948396045519,0,1
5,52.95948396045519,0,1
5,55.83638481578635,1,2
5,54.83638481578635,1,3
5,53.83638481578635,1,1
5,52.83638481578635,1,1
5,51.83638481578635,1,1
5,54.71895938470054,2,2
5,53.71895938470054,2,3
5,52.71895938470054,2,1
5,51.71895938470054,2,1
5,50.71895938470054,2,1
5,53.62053352755209,3,2
5,52.62053352755209,3,3
5,51.62053352755209,3,1
5,50.62053352755209,3,1
5,49.62053352755209,3,1
5,52.554133085252566,4,2
5,51.554133085252566,4,3
5,50.554133085252566,4,1
5,49.554133085252566,4,1
5,48.554133085252566,4,1
5,51.5321415571719,5,2
5,50.5321415571719,5,3
5,49.5321415571719,5,1
5,48.5321415571719,5,1
5,47.5321415571719,5,1
5,50.566016660556585,6,2
5,49.566016660556585,6,3
5,48.566016660556585,6,1
5,47.566016660556585,6,1
5,46.566016660556585,6,1
5,49.665965794926954,7,2
5,48.665965794926954,7,3
5,47.665965794926954,7,1
5,46.665965794926954,7,1
5,45.665965794926954,7,1
5,48.840707755838245,8,2
5,47.840707755838245,8,3
5,46.840707755838245,8,1
5,45.840707755838245,8,1
5,44.840707755838245,8,1
5,48.097242588525845,9,2
5,47.097242588525845,9,3
5,46.097242588525845,9,1
5,45.097242588525845,9,1
5,44.097242588525845,9,1
6,56.6250986960282,0,2
6,55.6250986960282,0,3
6,54.6250986960282,0,1
6,53.6250986960282,0,1
6,52.6250986960282,0,1
6,55.501999551359376,1,2
6,54.501999551359376,1,3
6,53.501999551359376,1,1
6,52.501999551359376,1,1
6,51.501999551359376,1,1
6,54.38457412027356,2,2
6,53.38457412027356,2,3
6,52.38457412027356,2,1
6,51.38457412027356,2,1
6,50.38457412027356,2,1
6,53.28614826312511,3,2
6,52.28614826312511,3,3
6,51.28614826312511,3,1
6,50.28614826312511,3,1
6,49.28614826312511,3,1
6,52.21974782082558,4,2
6,51.21974782082558,4,3
6,50.21974782082558,4,1
6,49.21974782082558,4,1
6,48.21974782082558,4,1
6,51.19775629274492,5,2
6,50.19775629274492,5,3
6,49.19775629274492,5,1
6,48.19775629274492,5,1
6,47.19775629274492,5,1
6,50.2316313961296,6,2
6,49.2316313961296,6,3
6,48.2316313961296,6,1
6,47.2316313961296,6,1
6,46.2316313961296,6,1
6,49.33158053049998,7,2
6,48.33158053049998,7,3
6,47.33158053049998,7,1
6,46.33158053049998,7,1
6,45.33158053049998,7,1
6,48.50632249141126,8,2
6,47.50632249141126,8,3
6,46.50632249141126,8,1
6,45.50632249141126,8,1
6,44.50632249141126,8,1
6,47.76285732409886,9,2
6,46.76285732409886,9,3
6,45.76285732409886,9,1
6,44.76285732409886,9,1
6,43.76285732409886,9,1
7,56.292182467789544,0,2
7,55.292182467789544,0,3
7,54.292182467789544,0,1
7,53.292182467789544,0,1
7,52.292182467789544,0,1
7,55.16908332312071,1,2
7,54.16908332312071,1,3
7,53.16908332312071,1,1
7,52.16908332312071,1,1
7,51.16908332312071,1,1
7,54.0516578920349,2,2
7,53.0516578920349,2,3
7,52.0516578920349,2,1
7,51.0516578920349,2,1
7,50.0516578920349,2,1
7,52.953232034886454,3,2
7,51.953232034886454,3,3
7,50.953232034886454,3,1
7,49.953232034886454,3,1
7,48.953232034886454,3,1
7,51.88683159258692,4,2
7,50.88683159258692,4,3
7,49.88683159258692,4,1
7,48.88683159258692,4,1
7,47.88683159258692,4,1
7,50.86484006450626,5,2
7,49.86484006450626,5,3
7,48.86484006450626,5,1
7,47.86484006450626,5,1
7,46.86484006450626,5,1
7,49.89871516789094,6,2
7,48.89871516789094,6,3
7,47.89871516789094,6,1
7,46.89871516789094,6,1
7,45.89871516789094,6,1
7,48.99866430226132,7,2
7,47.99866430226132,7,3
7,46.99866430226132,7,1
7,45.99866430226132,7,1
7,44.99866430226132,7,1
7,48.1734062631726,8,2
7,47.1734062631726,8,3
7,46.1734062631726,8,1
7,45.1734062631726,8,1
7,44.1734062631726,8,1
7,47.4299410958602,9,2
7,46.4299410958602,9,3
7,45.4299410958602,9,1
7,44.4299410958602,9,1
7,43.4299410958602,9,1
8,55.961091863411916,0,2
8,54.961091863411916,0,3
8,53.961091863411916,0,1
8,52.961091863411916,0,1
8,51.961091863411916,0,1
8,54.83799271874308,1,2
8,53.83799271874308,1,3
8,52.83799271874308,1,1
8,51.83799271874308,1,1
8,50.83799271874308,1,1
8,53.720567287657275,2,2
8,52.720567287657275,2,3
8,51.720567287657275,2,1
8,50.720567287657275,2,1
8,49.720567287657275,2,1
8,52.62214143050882,3,2
8,51.62214143050882,3,3
8,50.62214143050882,3,1
8,49.62214143050882,3,1
8,48.62214143050882,3,1
8,51.555740988209294,4,2
8,50.555740988209294,4,3
8,49.555740988209294,4,1
8,48.555740988209294,4,1
8,47.555740988209294,4,1
8,50.533749460128625,5,2
8,49.533749460128625,5,3
8,48.533749460128625,5,1
8,47.533749460128625,5,1
8,46.533749460128625,5,1
8,49.56762456351331,6,2
8,48.56762456351331,6,3
8,47.56762456351331,6,1
8,46.56762456351331,6,1
8,45.56762456351331,6,1
8,48.66757369788368,7,2
8,47.66757369788368,7,3
8,46.66757369788368,7,1
8,45.66757369788368,7,1
8,44.66757369788368,7,1
8,47.84231565879497,8,2
8,46.84231565879497,8,3
8,45.84231565879497,8,1
8,44.84231565879497,8,1
8,43.84231565879497,8,1
8,47.09885049148257,9,2
8,46.09885049148257,9,3
8,45.09885049148257,9,1
8,44.09885049148257,9,1
8,43.09885049148257,9,1
9,55.63217553063424,0,2
9,54.63217553063424,0,3
9,53.63217553063424,0,1
9,52.63217553063424,0,1
9,51.63217553063424,0,1
9,54.509076385965415,1,2
9,53.509076385965415,1,3
9,52.509076385965415,1,1
9,51.509076385965415,1,1
9,50.509076385965415,1,1
9,53.3916509548796,2,2
9,52.3916509548796,2,3
9,51.3916509548796,2,1
9,50.3916509548796,2,1
9,49.3916509548796,2,1
9,52.29322509773115,3,2
9,51.29322509773115,3,3
9,50.29322509773115,3,1
9,49.29322509773115,3,1
9,48.29322509773115,3,1
9,51.22682465543162,4,2
9,50.22682465543162,4,3
9,49.22682465543162,4,1
9,48.22682465543162,4,1
9,47.22682465543162,4,1
9,50.20483312735096,5,2
9,49.20483312735096,5,3
9,48.20483312735096,5,1
9,47.20483312735096,5,1
9,46.20483312735096,5,1
9,49.23870823073564,6,2
9,48.23870823073564,6,3
9,47.23870823073564,6,1
9,46.23870823073564,6,1
9,45.23870823073564,6,1
9,48.338657365106016,7,2
9,47.338657365106016,7,3
9,46.338657365106016,7,1
9,45.338657365106016,7,1
9,44.338657365106016,7,1
9,47.5133993260173,8,2
9,46.5133993260173,8,3
9,45.5133993260173,8,1
9,44.5133993260173,8,1
9,43.5133993260173,8,1
9,46.7699341587049,9,2
9,45.7699341587049,9,3
9,44.7699341587049,9,1
9,43.7699341587049,9,1
9,42.7699341587049,9,1
